# 1.5-round screening candidates: baseline, (20,12,8,7), 630 SIMD-friendly (r0,r2 in {8,16,24}), 2400 random, seed 1
16,12,8,7
20,12,8,7
8,5,8,19
8,28,8,26
8,25,8,3
8,9,8,4
8,16,8,25
8,15,8,16
8,21,8,13
8,26,8,7
8,4,8,16
8,1,8,29
8,27,8,13
8,14,8,20
8,25,8,25
8,1,8,23
8,15,8,9
8,24,8,26
8,8,8,19
8,31,8,4
8,29,8,11
8,1,8,1
8,1,8,21
8,18,8,1
8,31,8,29
8,13,8,22
8,7,8,14
8,24,8,1
8,17,8,8
8,25,8,15
8,31,8,16
8,18,8,8
8,12,8,8
8,22,8,8
8,31,8,10
8,30,8,1
8,14,8,27
8,30,8,18
8,30,8,21
8,4,8,6
8,21,8,24
8,28,8,10
8,4,8,24
8,11,8,29
8,24,8,23
8,17,8,30
8,31,8,14
8,17,8,27
8,30,8,22
8,7,8,10
8,10,8,19
8,29,8,16
8,28,8,31
8,17,8,13
8,19,8,28
8,2,8,16
8,8,8,24
8,26,8,13
8,14,8,22
8,6,8,12
8,18,8,29
8,23,8,25
8,22,8,24
8,12,8,3
8,15,8,22
8,17,8,4
8,25,8,6
8,13,8,12
8,16,8,24
8,1,8,16
8,2,16,10
8,23,16,28
8,20,16,19
8,19,16,13
8,21,16,6
8,6,16,17
8,8,16,1
8,25,16,7
8,18,16,30
8,28,16,18
8,8,16,13
8,17,16,12
8,31,16,28
8,19,16,12
8,15,16,30
8,9,16,22
8,18,16,20
8,31,16,24
8,1,16,13
8,26,16,28
8,27,16,31
8,29,16,31
8,24,16,17
8,26,16,5
8,17,16,25
8,18,16,7
8,14,16,31
8,2,16,16
8,28,16,12
8,19,16,18
8,7,16,31
8,17,16,14
8,16,16,27
8,12,16,14
8,12,16,1
8,18,16,18
8,20,16,26
8,20,16,11
8,15,16,20
8,1,16,26
8,8,16,21
8,6,16,18
8,19,16,6
8,28,16,3
8,26,16,18
8,27,16,30
8,9,16,2
8,22,16,3
8,3,16,28
8,1,16,15
8,1,16,25
8,25,16,9
8,8,16,9
8,4,16,26
8,20,16,6
8,12,16,10
8,3,16,6
8,6,16,9
8,17,16,31
8,6,16,22
8,9,16,21
8,23,16,10
8,15,16,23
8,11,16,16
8,16,16,4
8,1,16,10
8,13,16,11
8,14,16,26
8,7,24,9
8,4,24,9
8,29,24,24
8,17,24,7
8,31,24,20
8,14,24,27
8,1,24,8
8,1,24,13
8,5,24,2
8,24,24,31
8,6,24,15
8,23,24,17
8,22,24,14
8,18,24,27
8,8,24,21
8,26,24,23
8,17,24,15
8,8,24,17
8,21,24,1
8,13,24,22
8,19,24,26
8,11,24,22
8,21,24,14
8,2,24,24
8,10,24,5
8,31,24,7
8,29,24,2
8,10,24,3
8,28,24,3
8,10,24,30
8,31,24,10
8,24,24,6
8,14,24,19
8,9,24,5
8,1,24,18
8,29,24,28
8,2,24,19
8,27,24,7
8,31,24,29
8,19,24,15
8,6,24,27
8,28,24,28
8,25,24,23
8,20,24,17
8,2,24,13
8,7,24,12
8,4,24,7
8,19,24,22
8,29,24,14
8,19,24,7
8,16,24,4
8,31,24,22
8,13,24,10
8,17,24,16
8,1,24,11
8,20,24,28
8,13,24,29
8,10,24,1
8,6,24,7
8,28,24,11
8,26,24,19
8,26,24,5
8,11,24,14
8,22,24,4
8,27,24,13
8,30,24,18
8,12,24,30
8,29,24,27
8,22,24,18
16,16,8,25
16,18,8,8
16,3,8,24
16,2,8,3
16,5,8,6
16,6,8,30
16,18,8,7
16,9,8,25
16,11,8,20
16,17,8,27
16,9,8,12
16,11,8,11
16,4,8,10
16,8,8,28
16,31,8,20
16,25,8,31
16,23,8,29
16,16,8,5
16,19,8,18
16,25,8,4
16,11,8,2
16,14,8,3
16,13,8,28
16,26,8,5
16,27,8,5
16,11,8,4
16,20,8,19
16,26,8,30
16,13,8,3
16,8,8,19
16,3,8,31
16,29,8,10
16,30,8,4
16,15,8,29
16,9,8,4
16,26,8,2
16,27,8,10
16,1,8,20
16,22,8,1
16,3,8,14
16,4,8,27
16,29,8,26
16,2,8,7
16,8,8,26
16,19,8,14
16,6,8,4
16,15,8,6
16,22,8,8
16,6,8,24
16,28,8,4
16,14,8,30
16,31,8,13
16,26,8,18
16,30,8,27
16,10,8,18
16,9,8,23
16,16,8,11
16,4,8,7
16,21,8,11
16,2,8,1
16,1,8,26
16,30,8,10
16,24,8,20
16,11,8,15
16,13,8,11
16,3,8,30
16,11,16,20
16,15,16,4
16,9,16,7
16,26,16,20
16,25,16,29
16,18,16,28
16,23,16,16
16,22,16,12
16,9,16,6
16,18,16,7
16,10,16,7
16,8,16,12
16,3,16,27
16,9,16,3
16,25,16,15
16,3,16,21
16,19,16,21
16,11,16,31
16,8,16,13
16,31,16,10
16,2,16,11
16,6,16,11
16,26,16,28
16,19,16,29
16,30,16,10
16,8,16,11
16,4,16,18
16,20,16,19
16,3,16,8
16,8,16,1
16,26,16,8
16,13,16,3
16,9,16,18
16,28,16,3
16,24,16,3
16,1,16,21
16,1,16,10
16,25,16,26
16,12,16,16
16,16,16,28
16,28,16,5
16,4,16,17
16,11,16,3
16,17,16,31
16,22,16,6
16,6,16,25
16,5,16,5
16,27,16,28
16,11,16,10
16,4,16,23
16,17,16,27
16,30,16,20
16,10,16,5
16,29,16,7
16,5,16,18
16,30,16,24
16,2,16,25
16,11,16,27
16,29,16,20
16,26,16,22
16,30,16,18
16,27,16,31
16,24,16,23
16,7,16,6
16,10,16,14
16,18,16,6
16,2,16,23
16,28,16,22
16,8,24,9
16,25,24,3
16,22,24,31
16,15,24,26
16,14,24,18
16,9,24,18
16,15,24,28
16,18,24,15
16,1,24,13
16,27,24,11
16,6,24,9
16,16,24,1
16,26,24,21
16,30,24,14
16,19,24,1
16,2,24,23
16,12,24,19
16,5,24,19
16,5,24,5
16,9,24,27
16,9,24,13
16,19,24,13
16,6,24,20
16,3,24,8
16,6,24,17
16,11,24,17
16,29,24,21
16,30,24,15
16,30,24,22
16,21,24,24
16,8,24,8
16,11,24,16
16,22,24,16
16,31,24,8
16,23,24,14
16,11,24,18
16,20,24,30
16,24,24,30
16,21,24,9
16,21,24,8
16,2,24,30
16,3,24,25
16,17,24,21
16,29,24,12
16,25,24,26
16,29,24,7
16,10,24,10
16,23,24,10
16,28,24,18
16,12,24,6
16,23,24,23
16,24,24,15
16,20,24,3
16,28,24,4
16,29,24,20
16,31,24,17
16,6,24,5
16,9,24,14
16,7,24,31
16,19,24,24
16,2,24,16
16,22,24,13
16,23,24,21
16,12,24,13
16,17,24,28
16,6,24,18
24,24,8,2
24,17,8,3
24,26,8,9
24,21,8,4
24,9,8,24
24,30,8,3
24,31,8,5
24,25,8,20
24,27,8,31
24,22,8,22
24,23,8,3
24,15,8,28
24,30,8,8
24,28,8,13
24,31,8,26
24,29,8,14
24,13,8,6
24,30,8,11
24,15,8,5
24,20,8,30
24,16,8,31
24,7,8,4
24,14,8,20
24,18,8,14
24,30,8,4
24,22,8,10
24,9,8,8
24,13,8,24
24,18,8,1
24,31,8,7
24,17,8,15
24,19,8,1
24,1,8,21
24,20,8,8
24,27,8,9
24,7,8,6
24,10,8,5
24,18,8,7
24,9,8,10
24,19,8,25
24,9,8,27
24,22,8,15
24,26,8,28
24,6,8,18
24,12,8,16
24,14,8,28
24,4,8,25
24,7,8,19
24,29,8,13
24,7,8,10
24,26,8,4
24,29,8,26
24,1,8,4
24,19,8,24
24,1,8,18
24,10,8,31
24,22,8,25
24,24,8,21
24,5,8,3
24,17,8,12
24,19,8,26
24,10,8,14
24,17,8,22
24,12,8,25
24,17,8,11
24,15,8,23
24,15,8,12
24,10,8,18
24,13,16,11
24,26,16,24
24,22,16,19
24,16,16,4
24,21,16,30
24,13,16,13
24,7,16,18
24,1,16,9
24,21,16,20
24,24,16,29
24,24,16,27
24,24,16,17
24,7,16,30
24,15,16,20
24,27,16,17
24,14,16,30
24,24,16,23
24,10,16,23
24,6,16,15
24,20,16,22
24,17,16,7
24,12,16,17
24,1,16,22
24,13,16,19
24,14,16,13
24,11,16,28
24,20,16,19
24,29,16,31
24,24,16,3
24,16,16,24
24,8,16,21
24,31,16,21
24,10,16,21
24,1,16,14
24,24,16,21
24,5,16,21
24,25,16,30
24,13,16,26
24,9,16,28
24,6,16,25
24,3,16,27
24,25,16,20
24,1,16,12
24,30,16,9
24,26,16,23
24,14,16,28
24,22,16,18
24,10,16,5
24,15,16,27
24,9,16,16
24,17,16,2
24,9,16,17
24,4,16,24
24,19,16,14
24,3,16,12
24,3,16,22
24,15,16,1
24,6,16,17
24,23,16,31
24,6,16,23
24,3,16,13
24,21,16,23
24,9,16,20
24,10,16,7
24,8,16,29
24,11,16,9
24,3,16,3
24,23,24,27
24,30,24,17
24,22,24,12
24,15,24,17
24,18,24,24
24,2,24,6
24,10,24,21
24,24,24,23
24,27,24,18
24,9,24,12
24,20,24,24
24,8,24,13
24,18,24,13
24,6,24,16
24,26,24,9
24,28,24,20
24,11,24,23
24,8,24,9
24,31,24,20
24,23,24,8
24,28,24,22
24,1,24,28
24,29,24,28
24,20,24,13
24,11,24,30
24,14,24,30
24,25,24,8
24,7,24,3
24,21,24,24
24,6,24,28
24,19,24,15
24,19,24,30
24,30,24,24
24,5,24,20
24,31,24,9
24,6,24,5
24,25,24,5
24,29,24,23
24,15,24,12
24,10,24,25
24,13,24,8
24,4,24,23
24,7,24,23
24,22,24,10
24,3,24,4
24,11,24,16
24,30,24,4
24,31,24,6
24,2,24,2
24,26,24,20
24,1,24,29
24,25,24,7
24,22,24,2
24,16,24,23
24,17,24,27
24,24,24,31
24,29,24,20
24,15,24,11
24,22,24,27
24,9,24,4
24,20,24,23
24,6,24,4
24,8,24,16
24,15,24,13
24,25,24,6
24,8,24,8
27,10,15,18
19,13,7,15
23,9,11,16
19,4,30,7
3,2,1,26
1,28,16,11
29,13,28,19
10,30,7,13
6,29,27,25
21,5,26,30
1,1,13,5
29,22,18,2
19,13,9,5
3,15,21,27
10,29,1,2
18,2,17,27
5,2,30,9
25,4,14,3
7,1,16,21
5,24,9,22
27,28,7,22
15,13,11,21
9,9,21,21
8,8,2,19
30,26,19,6
12,14,20,23
18,21,17,2
29,12,18,14
18,7,23,29
18,14,30,22
3,23,9,24
20,24,25,3
9,6,4,5
2,30,7,28
14,28,2,2
21,3,30,27
17,16,17,12
4,11,2,5
18,2,15,22
5,29,13,25
23,29,29,15
1,24,17,9
3,9,26,11
3,10,2,28
13,2,24,9
11,24,5,9
26,13,26,4
28,22,10,4
14,27,8,17
18,7,11,30
11,17,26,13
31,29,19,16
4,5,21,27
15,17,18,24
28,27,19,23
17,18,1,29
27,10,24,6
7,12,13,17
11,4,14,12
5,19,3,2
10,27,26,21
18,11,14,10
11,12,9,11
24,24,17,17
1,17,4,5
11,30,24,11
26,11,19,3
15,9,16,15
30,12,30,24
13,27,29,30
3,30,19,26
2,5,2,17
16,19,28,9
26,8,23,19
24,11,12,31
26,21,12,13
10,15,20,11
18,17,6,1
5,9,22,8
19,5,30,4
6,25,14,31
24,20,2,26
4,18,22,9
23,4,7,9
3,21,19,17
21,3,28,3
26,28,7,21
27,6,17,28
14,1,19,12
29,28,16,23
26,10,8,29
7,20,16,28
29,29,8,14
15,22,12,18
30,31,7,26
16,24,3,27
27,9,14,7
1,24,18,25
13,17,29,16
3,13,20,29
17,26,19,19
14,2,12,28
15,1,7,31
10,23,23,21
1,18,4,27
10,17,29,24
11,25,18,21
19,18,10,17
14,18,31,27
30,31,17,14
20,21,19,10
15,10,5,17
15,19,5,18
25,6,9,21
1,14,24,22
19,2,12,14
13,10,30,22
29,25,22,1
29,3,30,3
28,1,13,9
15,9,26,26
12,21,24,28
16,25,11,13
15,26,4,16
12,5,14,5
1,6,27,9
12,28,5,19
26,10,31,14
9,31,17,10
24,14,23,9
14,11,25,30
16,7,23,27
16,31,13,23
14,3,3,5
7,31,5,8
24,1,4,9
5,16,25,31
4,13,21,24
6,27,1,3
14,20,31,2
18,7,18,14
12,2,31,21
30,4,24,18
22,14,27,22
24,4,9,22
9,6,16,26
26,23,28,2
26,7,22,21
3,28,13,4
22,15,10,22
17,16,29,13
4,20,28,16
4,5,13,20
29,23,7,6
17,9,14,24
29,30,18,10
28,16,21,29
26,18,30,7
26,25,20,11
28,16,4,1
25,24,22,12
30,29,31,23
9,2,18,21
15,10,25,29
27,4,8,17
9,9,23,8
14,5,5,9
7,14,18,21
20,29,31,2
18,27,20,17
5,31,14,9
9,16,23,10
9,16,7,16
12,20,16,8
11,6,20,25
6,24,29,19
23,15,18,5
2,17,11,17
23,5,21,25
26,29,7,11
20,16,16,11
4,5,29,5
23,9,8,3
21,18,27,23
2,19,6,22
4,8,19,7
17,19,22,29
10,14,11,1
25,1,27,10
27,20,8,3
24,8,9,22
21,28,11,9
20,24,17,13
1,4,11,12
5,4,9,29
25,5,22,19
2,12,3,3
24,4,10,11
8,9,17,2
12,1,3,5
30,13,12,30
24,21,23,8
4,22,11,9
1,17,29,11
31,31,4,12
30,26,26,21
24,27,5,20
30,28,9,13
3,22,19,20
24,17,16,19
14,18,30,13
10,29,8,21
10,18,5,2
20,17,4,6
8,7,29,14
9,18,1,9
18,9,31,17
9,16,5,13
23,4,24,12
3,21,18,12
18,18,28,26
24,17,22,19
1,20,10,15
22,5,5,3
30,19,5,22
29,27,7,16
27,26,28,25
11,12,29,10
6,5,28,26
13,27,15,13
4,20,5,9
10,22,22,26
21,20,31,1
18,31,1,30
27,21,5,13
24,18,31,29
4,15,1,25
14,20,22,14
9,30,12,14
13,20,15,2
4,16,25,2
21,23,23,1
26,2,27,4
19,5,17,17
25,12,18,9
26,19,30,31
21,12,26,16
27,23,8,30
26,20,8,4
18,31,12,28
6,4,25,2
30,23,11,14
29,24,12,9
22,21,29,25
30,2,20,14
14,13,12,10
25,27,11,15
26,23,8,21
20,17,5,2
11,22,4,29
17,6,18,21
21,16,29,11
25,23,4,19
1,16,29,7
13,21,27,31
6,13,23,8
4,8,11,11
22,8,26,22
15,24,16,12
16,21,25,22
24,30,7,14
15,13,18,4
19,16,30,9
27,5,5,1
13,14,4,26
1,21,3,31
6,15,25,13
22,17,26,27
10,30,5,5
17,27,4,31
9,1,15,13
26,21,23,24
26,30,8,18
23,13,1,18
26,8,14,30
6,22,6,11
22,8,3,25
18,30,18,31
6,6,13,19
1,17,7,14
8,26,2,30
17,24,7,23
17,23,20,21
18,3,8,13
25,15,4,19
21,2,13,3
18,4,21,27
16,2,17,8
25,1,1,31
28,10,15,9
24,14,6,20
5,18,23,27
15,17,26,14
18,6,23,13
23,13,26,7
16,27,9,12
30,5,9,19
9,28,6,25
24,20,3,24
12,11,30,5
9,9,9,12
13,9,19,15
1,5,31,5
31,9,8,7
3,26,19,18
20,7,18,14
23,28,8,19
5,18,15,13
23,7,3,21
30,3,5,26
22,2,1,24
13,13,14,22
5,19,20,5
22,18,18,3
30,8,28,13
5,10,7,22
24,13,12,24
27,6,8,10
23,5,12,16
18,10,3,17
27,10,7,23
15,1,10,26
26,20,19,4
20,12,25,15
9,20,2,2
27,26,11,6
26,5,31,30
21,27,4,4
28,14,21,19
8,24,7,17
17,13,4,30
29,23,7,27
31,13,22,30
17,5,27,23
19,9,24,1
23,4,26,7
25,19,13,22
16,18,20,8
9,2,21,6
22,22,30,18
17,8,28,14
31,9,25,22
14,13,9,16
4,22,27,27
5,6,18,1
15,25,2,16
7,13,27,24
18,27,30,11
30,8,4,3
22,24,2,28
14,27,15,7
31,6,20,17
7,28,17,13
17,12,7,8
12,22,29,19
25,25,3,11
29,2,15,2
27,20,6,29
5,28,30,31
10,16,2,19
17,3,28,27
19,13,3,13
26,17,27,19
21,10,13,9
29,12,16,31
30,2,18,31
30,28,16,1
14,10,19,24
11,26,5,20
19,18,28,9
3,28,20,26
26,25,12,14
13,17,26,1
19,19,4,2
19,17,1,4
29,11,11,30
12,25,18,2
21,12,19,3
16,29,21,3
28,18,15,11
17,30,26,18
1,30,6,30
11,12,7,5
29,19,5,19
4,13,11,28
17,14,27,12
11,28,9,20
12,2,23,3
25,21,8,27
26,9,25,13
18,10,19,26
20,3,3,23
6,29,30,31
9,14,3,5
10,18,24,21
9,8,7,4
9,24,16,2
24,17,10,26
28,26,7,27
18,3,18,11
11,30,10,28
17,5,2,15
27,12,26,24
2,1,11,14
24,6,29,18
2,23,19,23
22,21,28,17
14,6,29,7
8,4,19,5
19,17,4,24
9,15,7,26
2,12,31,15
11,30,31,20
24,12,8,30
30,21,1,1
16,2,6,9
29,18,2,1
8,25,29,3
17,27,6,2
31,17,7,7
15,10,8,16
17,12,11,13
31,21,3,7
20,6,7,22
20,10,31,30
19,14,20,16
12,1,16,1
30,4,22,21
19,22,20,31
28,14,27,23
19,11,11,3
21,14,7,23
17,26,16,31
27,27,20,19
22,18,31,17
28,16,20,22
24,19,29,28
25,15,20,16
6,27,9,22
27,17,10,19
25,26,13,20
18,9,9,10
1,20,25,2
26,15,15,29
12,8,17,15
7,23,16,30
11,23,21,5
13,28,14,2
21,4,12,28
26,30,1,9
25,18,24,2
10,13,1,11
11,10,19,29
26,27,28,2
7,23,3,11
4,22,27,21
3,5,25,23
10,31,14,20
11,8,1,31
21,23,23,6
25,25,25,17
24,19,21,12
10,10,13,14
30,17,15,26
28,28,3,31
7,14,31,8
20,2,20,8
21,8,8,23
13,13,7,20
5,24,10,24
24,29,12,1
23,23,22,10
15,16,6,22
5,1,12,14
18,11,28,26
17,16,11,31
20,4,19,21
10,26,18,22
9,14,1,27
10,25,3,21
16,4,17,8
28,20,24,21
24,30,9,14
12,26,8,2
4,20,17,17
17,6,5,10
30,2,29,3
7,1,22,2
14,24,23,28
1,3,2,1
2,18,11,11
26,1,20,1
18,7,16,7
9,10,19,18
17,9,29,8
6,7,13,29
2,8,18,23
15,2,11,11
14,4,1,19
6,17,21,3
25,6,7,8
6,10,29,26
4,2,26,11
29,24,5,3
27,15,5,8
2,24,10,31
12,2,19,3
15,7,26,8
22,6,4,2
7,2,24,24
4,3,31,26
26,24,8,31
10,23,9,17
14,28,8,24
2,24,9,25
7,11,12,12
15,25,28,30
22,28,20,13
28,22,13,3
14,30,8,27
27,16,29,11
30,6,20,21
4,8,3,25
26,14,29,9
18,10,30,30
11,25,27,12
14,15,12,12
11,13,31,16
17,1,12,5
10,6,10,19
5,28,18,23
24,5,6,15
21,21,5,5
6,3,27,20
9,8,12,21
11,6,9,28
16,10,3,14
5,18,12,29
15,30,4,28
5,22,11,3
22,6,16,18
2,2,24,31
7,21,12,24
31,12,17,30
28,12,28,28
26,17,21,26
22,12,11,21
4,6,31,13
2,9,29,20
23,31,26,7
2,8,27,28
10,11,19,13
8,12,25,2
8,31,10,23
19,1,7,4
5,8,12,17
29,9,5,6
8,3,10,19
17,17,29,29
18,20,29,28
18,26,14,28
28,15,19,17
16,6,17,28
12,7,14,26
3,9,7,8
25,5,5,25
7,1,6,16
12,6,2,26
12,3,20,8
22,23,28,7
3,15,21,21
7,20,11,6
19,23,27,27
22,23,30,1
7,11,29,16
18,2,29,2
28,12,16,18
12,5,16,3
17,11,22,24
30,19,22,10
20,11,29,26
19,3,16,11
14,28,3,9
3,22,21,28
11,1,6,30
11,8,11,9
27,27,9,28
10,31,16,14
31,1,10,6
21,10,2,4
14,14,30,20
7,9,12,25
21,24,19,16
19,10,20,9
22,6,11,5
12,4,13,12
17,24,19,23
28,7,13,15
5,27,16,23
8,2,24,21
8,3,24,3
2,17,17,16
19,16,23,11
30,17,26,6
19,23,16,13
1,13,18,24
18,27,24,15
6,19,19,12
2,27,24,12
27,12,15,8
23,21,22,18
10,28,3,15
25,28,12,7
6,5,15,30
27,2,31,12
19,11,26,6
19,16,16,1
19,8,29,29
20,2,15,21
6,17,7,13
15,4,11,9
5,6,11,5
6,26,30,24
20,17,10,8
18,23,14,15
15,17,18,10
6,17,20,17
31,10,19,27
26,7,10,22
5,22,1,27
11,4,14,13
23,21,17,24
6,20,29,15
15,27,18,15
12,27,7,2
3,24,4,4
18,13,5,15
13,6,16,15
17,28,19,2
19,7,31,19
15,16,13,10
30,12,25,25
6,27,20,9
6,29,25,1
18,2,26,22
3,30,18,8
15,28,11,15
11,29,24,4
13,2,24,15
9,30,14,15
11,17,4,6
13,18,28,14
29,29,20,24
28,16,17,5
11,5,12,5
20,7,8,26
26,7,29,15
21,29,5,4
23,4,14,2
15,5,12,18
11,31,9,13
1,13,16,23
15,10,24,23
10,21,19,13
11,28,25,10
6,4,16,6
15,5,15,4
18,4,18,11
11,27,16,31
22,18,30,21
11,24,19,11
18,19,26,15
11,16,23,13
27,18,30,7
6,8,18,7
28,20,30,8
2,25,11,29
20,25,2,11
14,31,1,12
12,12,20,20
29,22,28,14
7,26,29,28
10,30,8,11
13,23,13,22
25,6,1,13
21,29,31,31
12,20,26,25
20,27,29,8
8,3,27,20
11,13,7,23
28,10,4,14
1,26,12,3
26,14,31,5
4,18,26,24
27,6,25,11
5,13,14,11
18,28,21,31
23,17,9,31
31,7,7,6
6,18,6,31
31,5,4,15
19,17,5,14
5,28,11,20
26,24,23,22
11,20,5,1
12,25,6,8
8,23,16,19
16,2,30,21
3,5,18,16
19,5,7,12
23,5,9,29
24,12,3,13
16,1,17,15
29,7,24,8
7,23,30,26
1,24,23,10
2,9,27,17
7,3,26,4
27,26,25,28
4,28,13,11
4,15,23,30
19,17,23,21
16,22,9,5
14,12,21,12
30,25,13,14
14,12,31,18
30,7,7,3
5,8,8,1
8,22,13,15
26,20,15,19
4,2,6,27
27,27,17,1
2,14,28,26
9,14,5,28
8,23,25,22
12,29,14,25
11,19,24,2
17,15,5,23
30,17,12,19
2,12,4,27
28,8,21,21
4,14,31,5
26,1,12,5
5,10,1,16
21,1,16,3
25,26,19,14
3,16,18,20
17,4,5,18
28,22,23,31
13,21,20,18
31,14,8,30
17,13,16,27
24,11,15,4
3,7,19,20
28,23,12,4
4,12,4,29
30,7,4,23
21,19,3,1
17,14,30,31
8,3,10,16
20,2,19,14
18,10,13,21
2,22,20,1
9,30,20,16
15,8,9,30
28,11,25,31
16,15,18,2
9,17,6,24
23,15,15,10
19,19,6,11
17,22,13,25
31,22,23,14
22,18,20,13
16,25,21,8
10,1,3,5
16,27,29,4
27,12,9,28
27,10,26,18
29,10,5,4
17,5,15,28
2,15,16,24
19,30,11,18
12,5,23,1
18,7,25,9
20,26,3,26
15,10,1,21
9,24,31,17
23,1,19,13
4,4,22,11
20,20,21,23
23,19,30,29
15,3,20,16
17,11,19,28
22,2,7,6
2,20,4,26
2,4,18,17
10,25,26,7
6,18,5,8
28,7,3,17
12,29,23,27
19,14,9,20
5,10,19,26
8,3,28,20
9,2,30,1
14,20,31,10
27,16,14,14
27,26,3,6
7,25,22,2
30,21,27,25
14,31,28,14
12,31,12,17
30,5,6,26
8,8,26,31
2,12,3,28
15,11,27,7
8,9,5,23
29,23,17,13
4,16,22,24
29,30,26,20
1,16,10,9
25,26,23,10
29,7,26,5
23,21,13,22
2,26,25,13
15,18,28,1
5,8,28,16
21,4,29,10
23,20,14,7
17,11,4,8
8,16,19,4
6,16,12,23
21,31,20,21
29,20,14,13
18,14,27,25
1,21,13,31
28,5,14,5
2,10,13,20
14,21,4,7
20,9,16,20
14,9,17,27
25,4,11,26
31,5,18,23
18,26,9,31
22,29,22,1
18,22,24,30
4,25,12,15
9,25,4,10
5,26,3,14
23,13,1,16
19,24,5,25
25,18,13,16
26,27,25,8
17,1,13,26
2,14,20,3
8,22,2,29
15,3,10,20
2,12,25,2
3,3,27,2
19,10,12,10
3,18,16,20
12,28,11,28
25,6,29,21
12,29,17,8
11,20,8,8
21,25,23,7
10,31,10,27
18,11,23,10
19,1,22,16
9,28,22,26
8,5,8,28
6,3,9,13
7,5,6,27
18,31,30,26
28,27,20,3
11,13,30,23
7,6,2,15
7,13,26,4
23,29,10,25
8,24,21,10
17,26,21,15
11,3,3,3
27,8,4,17
15,23,27,18
15,1,20,31
6,15,14,18
4,7,1,8
10,7,17,20
10,30,10,9
30,12,9,10
2,1,28,1
21,25,28,15
2,7,3,11
15,22,10,4
8,22,28,4
7,1,7,21
29,5,20,20
15,24,1,18
8,27,16,6
27,18,31,30
1,8,5,3
1,28,5,11
30,19,3,17
18,9,7,13
1,18,9,12
9,18,13,28
13,17,17,18
15,9,3,6
25,16,19,13
5,29,20,7
17,1,17,2
28,11,5,8
11,13,2,29
14,24,27,19
16,27,17,29
26,3,26,23
2,5,18,14
18,13,18,9
19,2,7,7
10,23,13,31
10,30,17,1
30,19,9,7
18,17,24,18
29,6,8,3
7,16,6,2
22,27,13,29
10,1,5,26
4,27,31,2
23,19,14,16
31,6,31,27
7,19,15,26
22,30,4,28
22,13,28,8
3,5,11,17
16,16,17,22
12,14,27,28
19,8,28,31
15,9,31,13
12,13,26,19
8,13,29,20
28,4,6,22
28,20,21,26
12,3,1,14
29,19,16,2
25,15,29,4
21,21,25,31
31,8,15,12
17,3,29,11
22,2,9,27
19,17,25,20
28,11,5,19
6,14,22,10
23,15,24,8
16,24,13,1
31,17,9,4
10,9,1,19
3,11,21,17
22,6,8,10
24,3,6,15
12,13,21,27
25,31,15,28
26,22,16,22
22,28,27,4
19,16,19,3
30,22,2,2
1,9,2,9
10,6,18,16
20,23,22,11
1,15,28,11
8,28,31,8
12,24,28,30
23,2,1,15
17,7,13,5
6,8,3,13
2,6,11,1
15,18,27,20
17,6,2,27
14,8,27,30
9,22,17,31
15,7,27,2
20,27,23,13
14,13,17,14
9,15,11,19
30,1,3,16
27,24,24,14
6,29,14,6
27,18,17,25
17,24,17,20
6,9,14,24
16,10,31,12
30,23,15,28
13,18,13,10
8,12,18,18
26,29,23,23
17,8,9,1
28,22,3,9
23,29,13,6
9,25,26,19
9,16,1,6
27,16,4,8
5,4,13,2
6,3,4,15
18,24,21,15
26,1,2,9
2,17,16,29
24,21,7,12
20,15,4,11
29,11,28,13
30,21,13,10
3,8,27,24
15,18,12,14
14,23,29,24
24,14,19,9
6,5,28,2
11,31,12,31
13,3,21,19
26,11,19,29
6,5,25,24
30,27,21,4
18,7,16,31
23,8,12,20
17,30,21,23
6,25,7,10
6,28,24,5
21,13,14,16
12,23,25,2
18,3,1,12
8,5,7,30
13,15,17,19
9,14,20,28
11,30,16,29
11,3,19,20
2,25,5,30
28,18,24,16
31,6,3,1
3,1,6,9
7,24,15,13
23,18,17,9
23,28,30,22
4,23,13,15
8,3,24,24
11,5,22,20
1,21,23,13
21,2,10,12
25,22,28,30
29,1,23,20
15,11,19,1
25,18,11,30
29,24,26,13
23,31,25,24
2,19,27,22
15,28,22,23
21,4,14,13
24,4,28,19
29,1,1,30
30,25,18,20
14,25,12,6
13,24,2,5
30,31,26,10
17,23,20,14
27,21,6,26
19,16,24,10
19,26,20,9
24,22,2,25
29,13,18,31
19,14,30,5
11,6,15,13
19,30,30,18
29,31,22,5
17,29,21,3
20,19,31,20
13,9,13,16
24,2,26,21
24,10,6,27
21,30,9,13
9,4,9,31
1,4,27,22
30,26,27,4
15,31,5,15
8,26,8,2
8,3,4,27
30,4,24,2
19,22,4,2
9,14,5,27
12,4,2,27
26,30,13,26
20,20,27,8
6,18,19,16
29,28,31,6
12,27,20,13
27,17,26,26
19,22,6,11
17,28,3,30
21,26,25,2
31,1,26,19
10,4,15,3
1,28,22,2
24,9,18,10
19,30,20,31
25,26,9,15
13,4,26,31
21,8,10,21
22,25,5,17
17,29,24,31
1,12,28,23
15,4,14,26
22,5,9,4
12,9,25,27
7,11,30,20
5,18,8,31
20,1,8,23
27,16,12,21
5,14,22,11
14,29,20,15
4,9,2,17
10,23,17,11
7,7,8,27
24,8,13,12
9,28,1,16
25,17,5,14
25,16,3,17
26,27,9,4
8,4,14,13
5,4,22,15
27,17,22,31
26,7,6,7
9,12,27,23
11,12,24,9
19,25,5,1
8,9,30,16
29,25,20,18
1,11,1,30
31,27,26,6
23,7,9,21
30,8,3,14
23,12,23,12
25,27,25,7
4,31,1,30
13,11,19,11
22,26,14,11
19,26,23,9
31,13,25,20
9,25,12,20
3,30,26,30
28,14,8,20
16,29,12,25
10,23,1,4
20,17,31,2
6,20,25,8
25,29,18,15
28,10,14,13
20,1,3,13
5,24,19,7
27,30,16,22
30,13,16,4
14,30,26,21
30,6,29,23
22,16,7,21
10,31,18,25
2,28,10,10
26,5,9,27
21,17,10,16
5,14,11,17
11,7,9,2
10,17,30,28
19,10,16,10
9,6,10,9
26,29,11,5
9,13,29,22
15,31,22,27
29,16,24,6
29,29,13,2
3,19,7,30
11,2,17,24
10,2,14,26
4,31,20,21
23,11,5,30
1,12,8,20
12,17,14,31
23,8,17,3
2,11,1,21
15,1,6,29
26,29,24,9
26,22,20,27
7,28,26,14
10,21,6,2
2,16,13,28
31,18,22,30
22,4,13,10
14,30,2,8
11,14,19,19
16,20,7,19
17,22,3,11
26,21,13,28
21,6,25,31
8,17,31,27
31,16,28,3
26,21,14,22
13,7,9,25
1,10,2,9
25,3,6,20
9,25,15,23
14,10,4,10
26,2,16,6
27,9,18,7
5,2,22,13
18,1,19,17
10,1,24,13
11,4,9,6
20,23,7,3
6,25,23,22
19,21,13,17
19,24,1,8
30,13,22,1
22,1,17,14
25,20,26,31
25,27,6,2
24,30,25,13
21,14,7,6
8,3,20,15
18,18,11,28
22,22,9,7
17,20,9,27
13,8,22,10
20,9,29,23
5,23,21,9
12,19,24,9
17,21,8,25
28,7,18,22
1,4,7,9
6,24,11,8
6,21,21,2
20,8,13,9
9,7,21,9
13,2,25,2
28,5,24,16
31,14,10,31
28,12,13,25
28,12,20,7
10,30,9,26
28,9,16,20
5,26,19,12
5,13,2,3
9,3,25,16
7,15,28,10
2,9,11,27
1,27,23,22
20,16,26,14
27,28,30,14
14,25,12,30
20,24,16,25
7,24,14,28
13,10,29,4
3,31,24,6
23,11,30,12
19,14,23,13
4,27,28,13
2,14,20,7
4,8,28,23
16,13,6,22
5,8,20,4
23,12,11,17
15,26,25,28
6,13,21,31
16,19,31,6
2,17,7,22
8,25,5,4
9,31,18,1
1,12,10,27
27,7,2,30
10,22,22,5
5,3,23,6
19,14,9,25
26,5,3,29
7,30,25,6
20,14,7,26
13,18,28,16
6,20,3,26
16,8,7,3
22,5,8,29
7,20,20,23
31,5,18,9
31,3,25,25
28,19,30,12
3,12,17,9
6,22,19,16
14,26,18,30
19,23,18,8
30,5,18,19
4,26,29,14
24,14,12,8
15,22,18,31
13,11,22,19
6,2,25,30
2,12,28,20
15,6,22,24
15,19,12,12
5,15,7,18
16,18,10,20
7,5,20,8
10,4,27,22
3,21,8,28
14,17,7,22
27,10,16,23
2,13,7,21
23,2,10,24
10,20,7,14
1,25,15,11
14,8,21,4
6,17,2,24
13,31,6,30
27,1,17,16
30,16,12,18
28,14,1,30
21,20,22,14
13,31,8,17
1,18,21,2
31,27,21,29
7,21,27,11
2,28,30,5
15,27,23,6
15,5,5,9
17,13,23,3
17,4,3,23
31,13,27,16
12,7,2,17
14,8,31,16
31,7,6,8
7,17,22,11
21,23,10,30
16,27,27,26
25,20,19,26
17,8,25,29
30,7,10,4
25,19,1,25
2,20,11,3
26,17,21,6
15,18,3,14
24,5,27,18
2,26,31,23
30,5,11,30
22,30,24,12
15,24,7,29
13,15,27,26
3,28,13,12
1,10,7,19
12,12,27,31
21,1,4,15
26,27,25,13
10,23,6,10
24,31,31,21
8,24,11,30
11,7,31,2
2,31,1,23
6,20,15,11
31,23,2,9
26,19,17,29
29,9,31,3
23,21,8,29
30,28,1,5
25,14,12,9
26,29,28,16
2,13,4,10
23,14,25,8
8,17,19,14
19,9,1,1
26,5,25,16
23,25,30,31
5,30,29,29
12,3,31,20
30,28,8,18
21,28,18,5
5,13,5,20
23,24,31,11
7,5,5,20
29,23,29,4
5,25,2,20
9,9,12,1
29,5,23,27
1,3,26,15
31,23,14,23
13,10,22,5
13,14,25,12
26,15,12,10
29,16,6,9
1,10,8,23
28,2,16,2
26,1,3,20
15,1,26,21
8,5,23,13
26,24,20,31
13,8,19,28
28,20,9,6
24,7,6,3
29,29,30,11
12,3,4,30
26,29,18,8
7,11,26,18
18,15,26,25
23,3,14,19
12,31,29,6
6,20,4,12
28,6,22,28
30,16,20,3
15,14,7,3
3,22,21,9
11,13,27,12
19,11,14,17
20,20,21,3
7,29,14,12
17,24,16,12
23,4,15,11
1,8,31,10
14,22,31,22
5,7,9,23
17,20,2,6
27,19,10,2
22,4,9,21
19,4,31,6
23,21,18,15
19,30,8,30
15,14,2,5
16,26,31,12
17,10,24,13
29,3,19,14
5,22,23,17
8,14,16,3
19,24,29,28
12,18,17,6
2,23,7,7
1,12,8,8
23,17,17,21
14,18,14,6
26,8,1,8
31,17,18,31
2,21,5,28
18,3,26,1
5,18,9,8
12,11,24,5
4,9,29,14
12,20,28,2
18,2,28,22
15,2,24,21
11,10,30,10
22,31,24,28
13,10,26,13
16,10,22,4
19,31,22,21
1,23,4,14
3,7,4,21
1,8,16,30
3,31,7,31
11,7,30,10
10,28,15,15
23,18,19,23
17,7,23,15
13,3,24,1
3,31,10,24
20,15,7,24
10,27,30,14
6,21,20,30
22,13,13,28
28,24,15,8
8,30,16,1
10,9,16,16
29,31,28,12
25,4,19,24
23,22,25,4
7,23,15,13
7,14,2,31
24,27,6,25
23,22,13,14
12,17,5,26
3,29,17,23
6,2,19,25
7,25,17,18
29,24,15,21
30,10,10,16
5,1,23,15
14,22,22,19
12,14,23,12
28,7,25,9
7,22,15,19
29,16,27,9
22,20,14,10
9,28,15,3
4,31,11,15
30,22,22,29
10,17,27,29
27,8,17,29
30,11,8,5
6,9,23,29
27,8,14,27
1,22,14,13
8,5,3,3
6,15,20,24
13,26,26,30
8,10,20,13
9,1,10,5
4,24,14,10
24,22,10,23
14,18,2,22
24,22,5,4
29,25,6,17
16,27,14,4
30,2,12,21
11,10,2,10
26,15,2,12
10,18,21,7
9,31,24,9
6,30,10,17
11,18,27,3
29,23,2,5
5,13,11,11
27,26,16,6
10,1,25,31
9,1,18,21
20,19,1,14
18,27,15,27
25,1,26,20
17,28,27,13
4,4,28,19
19,1,26,13
3,16,28,7
12,19,2,27
14,16,28,18
11,7,1,5
16,16,9,14
21,17,4,14
15,18,17,10
26,3,2,29
29,14,5,30
30,12,26,25
29,27,30,7
3,15,12,4
19,20,11,26
22,4,28,31
28,6,11,25
3,7,24,26
10,18,19,31
3,16,19,15
27,17,15,13
12,17,25,21
17,16,26,6
27,22,30,27
5,1,6,10
6,21,21,5
7,28,25,5
23,8,30,15
16,17,18,13
13,20,21,24
14,18,31,21
17,22,22,14
16,9,16,5
22,22,7,13
2,31,30,9
20,26,5,15
7,5,29,13
15,21,22,2
12,23,8,22
5,10,19,25
22,19,29,25
16,30,11,5
26,20,21,29
24,29,3,22
27,20,13,29
22,27,3,3
1,28,1,22
3,27,3,29
28,5,18,9
2,7,28,14
11,22,9,22
29,12,7,27
22,31,6,14
3,12,4,14
15,27,11,17
30,4,1,29
22,2,5,14
25,30,20,23
7,7,3,28
22,29,6,15
29,17,1,11
23,26,20,10
22,10,26,5
15,2,2,10
6,25,1,20
11,1,28,5
9,4,8,9
26,21,30,28
19,16,16,7
30,3,5,10
29,1,21,27
8,6,25,22
6,8,19,20
15,30,4,1
30,27,7,19
12,21,21,6
9,27,4,3
10,8,13,27
26,10,18,5
30,10,5,10
27,30,18,4
10,17,4,25
25,7,15,13
21,25,4,1
31,26,13,16
31,21,1,29
10,23,16,16
12,6,7,16
28,18,28,30
7,17,24,26
18,21,8,5
7,23,12,16
8,2,8,27
4,31,12,3
23,2,7,14
11,24,14,15
15,27,15,29
22,20,24,20
21,21,15,12
2,7,30,22
9,5,27,30
17,25,24,4
26,25,29,14
27,7,11,4
27,1,28,24
21,8,7,31
23,26,27,13
7,10,27,10
22,25,12,30
8,1,22,29
27,8,20,9
10,6,26,22
23,4,29,1
12,24,31,5
23,19,25,13
27,16,15,25
27,22,29,4
8,20,12,2
3,8,6,7
14,5,24,13
13,19,12,30
3,2,31,28
18,15,26,28
27,19,12,10
23,12,24,26
11,30,12,29
30,1,30,28
4,13,10,31
9,2,22,27
25,17,16,9
2,16,11,27
23,14,24,15
19,29,18,27
17,8,6,17
2,13,9,7
11,7,24,4
20,6,14,14
19,9,20,24
5,3,9,8
23,31,9,19
28,6,15,27
14,1,5,10
17,5,5,14
2,15,17,30
24,16,28,29
17,31,24,2
13,4,23,26
24,10,14,15
4,21,18,14
26,28,14,1
28,9,20,2
10,9,11,17
1,5,18,2
7,11,24,4
6,10,24,14
17,25,31,5
3,17,16,30
17,3,14,12
30,21,27,5
26,15,13,20
11,22,10,16
18,3,17,5
1,21,3,29
31,7,20,20
28,23,12,16
17,5,25,28
6,30,23,5
14,25,2,3
12,21,24,23
26,10,22,9
24,12,12,30
10,14,13,16
15,12,11,29
20,23,14,5
26,5,23,16
9,21,29,23
9,14,31,19
16,20,2,10
17,26,16,12
16,5,15,5
29,21,23,16
31,28,5,29
8,11,25,3
22,18,19,19
12,6,26,14
21,14,10,9
8,20,1,28
21,16,12,3
27,9,16,24
13,15,27,2
14,9,16,17
5,11,5,7
24,13,4,4
26,29,29,11
5,16,21,17
26,15,28,30
17,5,31,16
27,5,28,2
7,23,13,11
21,24,9,16
10,2,14,3
7,1,31,19
11,13,26,10
8,10,27,14
12,28,15,29
11,27,22,24
9,4,22,12
2,27,10,7
24,19,4,20
27,24,9,1
9,31,31,11
4,13,29,15
10,18,9,12
5,16,2,4
13,29,15,30
11,29,1,29
30,27,15,21
8,5,11,5
7,16,28,6
29,10,12,8
21,25,23,22
29,7,20,31
2,20,15,26
9,22,22,15
15,16,12,14
14,3,31,8
12,31,2,11
4,22,13,18
23,23,16,11
5,29,7,3
26,9,16,29
16,15,11,15
18,3,16,20
9,24,18,27
21,4,23,19
26,27,5,29
14,3,24,5
30,29,27,13
4,14,30,24
18,7,31,5
1,18,22,20
4,30,27,4
3,21,11,4
22,19,18,21
12,14,22,13
3,14,28,27
28,28,21,15
10,24,25,14
30,15,13,20
18,20,5,15
20,16,13,28
4,11,9,21
27,5,9,22
2,4,25,31
6,24,22,2
1,29,11,11
2,6,14,15
20,1,14,18
19,13,4,28
22,13,2,1
5,8,31,28
17,16,21,13
31,11,5,10
20,5,19,19
28,5,18,5
25,5,19,8
24,29,28,7
30,1,27,31
7,16,18,15
26,12,16,21
14,17,1,14
29,8,23,13
27,28,9,20
30,31,1,25
17,28,11,4
26,17,28,27
27,25,27,27
8,14,9,5
29,17,15,19
28,25,18,12
9,29,4,29
24,24,24,30
30,3,23,12
13,15,12,14
30,22,17,15
16,13,18,1
27,2,27,16
28,11,25,8
4,1,12,3
23,6,23,16
4,8,5,15
29,24,3,6
21,9,25,16
29,23,12,6
8,2,10,21
15,18,18,29
15,20,10,27
8,1,10,16
5,7,7,6
10,3,9,31
6,13,21,26
29,25,19,26
27,10,24,25
6,15,29,30
13,22,3,29
27,31,26,12
20,12,8,1
26,27,18,20
6,15,20,5
31,10,30,13
5,11,11,9
27,1,29,5
7,9,7,21
1,2,30,21
2,28,15,10
8,17,25,30
21,4,24,3
20,5,28,7
31,6,29,1
14,6,6,15
31,11,2,15
20,17,12,23
10,19,5,18
31,29,29,20
17,2,8,4
15,30,16,8
17,11,31,4
22,10,30,27
5,9,21,14
9,4,1,31
1,30,12,17
6,2,11,6
2,2,1,9
8,1,24,10
16,24,24,20
30,21,16,11
19,3,7,6
12,23,24,3
26,12,5,12
7,30,15,13
15,12,20,19
28,3,8,8
4,8,3,24
10,17,12,3
4,19,27,20
12,30,8,18
10,25,29,30
21,10,26,30
4,29,6,23
14,7,15,31
5,25,7,27
3,14,3,13
5,19,8,30
10,9,20,17
24,19,29,16
28,13,4,4
29,22,12,15
16,22,29,13
29,7,19,11
5,21,9,11
31,21,7,29
20,2,30,22
13,9,11,26
4,21,5,7
30,12,16,21
11,19,2,2
23,15,5,15
16,17,25,7
26,28,9,9
20,5,10,4
11,8,11,11
7,25,4,28
14,7,14,25
5,17,27,18
3,29,13,1
13,5,13,12
20,25,17,13
20,5,24,22
3,25,31,22
17,8,25,31
7,16,16,13
25,23,11,9
18,28,1,17
25,17,27,23
24,30,24,9
1,13,24,17
13,5,6,20
9,4,14,4
23,16,13,30
2,16,3,31
19,3,8,29
11,30,13,20
22,22,27,28
11,27,12,23
22,25,30,30
9,8,14,5
25,8,22,30
13,20,24,2
8,7,19,5
19,11,6,31
4,29,25,7
14,2,30,17
11,28,18,25
23,12,12,22
23,14,30,8
12,30,25,13
3,8,30,28
15,5,12,21
31,12,3,15
17,26,31,14
13,25,9,3
15,15,22,5
9,23,31,23
30,1,26,31
17,12,14,30
8,28,12,23
15,26,11,15
17,25,1,5
26,23,25,8
26,23,4,8
9,12,8,28
19,6,31,15
12,12,27,23
2,23,22,6
13,18,12,12
22,27,28,18
30,19,14,10
17,9,15,3
2,4,18,9
24,10,30,26
7,14,18,19
26,28,7,8
9,3,14,13
22,17,28,10
10,20,16,31
31,27,27,3
14,8,23,7
16,4,17,12
28,19,25,28
18,3,2,3
11,8,28,15
3,7,29,2
15,5,3,22
16,3,26,29
2,5,16,5
23,16,14,16
10,1,20,9
18,21,4,20
29,3,28,21
18,18,30,27
20,12,2,8
31,18,22,18
5,28,1,25
30,13,2,5
11,22,13,18
26,27,3,20
25,15,10,11
7,14,31,16
3,13,30,25
29,9,27,26
1,21,22,21
30,28,4,10
24,27,8,19
19,13,1,13
3,21,19,3
27,8,3,14
28,28,17,15
18,28,10,17
25,2,5,16
16,20,12,5
18,4,7,9
18,26,1,16
21,22,19,15
5,5,11,13
15,9,27,20
15,19,31,26
28,12,23,29
13,31,25,22
20,19,3,1
7,18,8,8
20,22,12,31
14,18,25,31
4,3,1,25
8,28,21,11
8,24,30,7
17,6,18,3
17,6,2,10
21,9,19,29
23,22,11,28
29,12,14,12
25,7,1,20
19,16,30,5
6,13,1,6
1,9,12,30
27,25,7,14
22,7,26,8
14,29,22,19
7,14,19,13
2,6,19,27
1,27,21,7
4,2,10,5
18,13,20,12
6,30,19,25
22,6,6,29
17,31,27,31
5,16,28,21
3,30,15,6
26,25,10,9
12,15,8,19
23,2,24,8
21,7,28,28
26,26,9,8
26,24,23,27
14,27,31,29
24,23,9,23
30,8,12,27
26,29,16,29
14,26,7,15
17,22,17,26
11,2,8,8
18,5,14,4
18,3,25,14
30,14,17,13
20,15,4,26
7,2,13,7
18,23,7,14
17,27,24,17
23,20,28,17
20,16,25,12
21,4,13,21
31,22,25,10
17,26,31,12
11,28,6,29
28,14,22,26
18,8,31,7
3,28,8,3
9,22,14,24
8,16,21,9
28,2,30,13
12,13,30,15
14,7,2,10
30,8,5,5
30,11,22,28
22,28,24,18
29,22,10,20
19,30,15,14
22,10,12,24
11,9,8,15
13,31,24,11
2,19,25,7
26,25,22,4
22,21,5,8
12,29,5,23
17,28,15,25
13,9,1,14
11,28,5,11
3,7,31,13
7,13,20,17
18,3,22,21
15,31,7,4
5,26,30,13
30,4,13,25
17,31,19,24
27,26,28,28
25,27,8,15
25,16,18,3
6,25,1,30
12,31,2,31
19,15,5,25
16,13,7,28
24,7,20,2
11,7,16,9
24,6,18,16
17,24,28,17
14,30,2,5
7,1,27,10
14,23,3,6
21,1,13,10
17,29,5,10
5,6,30,10
30,17,8,26
26,22,10,28
26,15,20,7
17,7,23,2
7,20,13,11
12,22,13,25
2,22,13,3
6,16,5,12
29,10,6,2
23,16,15,12
12,12,20,17
24,30,18,7
25,18,5,8
14,26,22,3
31,8,9,31
10,18,29,15
29,11,21,15
1,16,23,16
31,5,1,14
13,6,10,18
23,13,7,28
19,22,13,26
24,23,1,8
12,15,10,3
31,28,2,31
17,31,11,6
5,2,12,16
8,28,29,20
30,21,23,2
27,2,1,30
16,29,15,27
15,25,14,8
13,6,4,8
10,10,8,1
4,7,14,30
22,10,29,16
25,9,26,31
10,4,21,15
5,9,11,26
10,27,19,18
11,2,10,7
9,15,17,24
31,27,17,8
25,1,11,30
15,4,3,14
12,9,2,5
23,23,21,17
10,12,26,11
13,30,6,28
25,2,15,27
11,6,20,8
27,16,6,20
14,18,13,4
10,29,25,3
20,15,28,6
19,31,14,16
21,5,24,3
1,18,23,18
16,19,20,18
5,8,2,29
18,26,10,14
26,22,19,29
30,15,9,19
12,18,11,17
12,19,2,6
14,8,16,27
21,12,22,9
24,31,24,25
8,3,20,9
28,10,17,25
2,10,16,30
16,23,28,6
28,3,22,19
17,30,18,7
2,19,19,17
11,10,3,18
20,8,19,21
6,5,22,24
14,21,20,31
11,21,31,23
7,20,31,25
15,22,30,31
6,29,1,25
7,2,1,3
13,26,12,29
14,7,30,27
6,1,27,14
2,8,2,29
13,4,12,12
18,27,27,20
5,28,13,17
21,4,24,11
16,21,1,15
8,13,18,3
14,28,20,19
13,1,12,17
10,8,13,16
31,13,12,2
27,2,14,20
14,19,30,6
23,5,11,7
5,16,30,14
11,25,25,1
29,12,12,31
12,24,3,26
25,13,5,23
21,31,2,28
5,2,24,10
9,11,2,3
5,5,8,11
31,7,25,6
15,7,14,12
5,10,26,19
6,15,1,19
6,24,31,21
4,2,24,5
14,22,10,17
25,7,2,29
3,20,31,17
25,17,18,30
30,23,14,24
9,23,16,18
15,15,21,19
20,29,3,19
11,4,28,10
8,25,2,8
4,7,6,21
25,13,25,27
29,13,21,5
27,19,8,18
21,7,16,28
23,19,29,21
5,22,31,24
21,25,4,13
15,12,22,1
31,20,26,16
21,16,25,2
8,20,29,10
6,17,20,16
3,24,28,11
3,31,27,9
23,26,17,10
28,22,5,18
30,21,2,11
3,5,17,30
23,5,6,22
25,1,20,18
1,2,3,25
18,12,30,16
2,22,28,17
21,22,18,3
15,15,19,30
22,1,9,12
15,3,12,3
6,6,25,19
1,19,13,7
19,22,8,31
5,16,4,12
17,28,22,30
27,16,20,4
24,28,20,18
22,6,17,30
10,4,10,3
29,30,20,4
19,11,18,15
19,24,19,10
15,10,25,17
15,26,26,30
18,15,19,5
10,19,9,30
27,3,27,22
10,2,19,28
13,23,5,16
19,31,21,27
25,24,28,23
11,22,9,31
4,19,10,14
8,8,13,18
19,3,13,22
5,9,2,22
9,25,8,11
3,30,9,13
4,5,8,16
11,15,14,25
3,17,19,15
2,14,7,13
19,19,22,25
9,20,20,25
5,5,28,28
13,2,1,31
21,27,2,15
1,12,17,27
15,11,26,6
23,22,31,7
24,15,20,7
22,7,30,13
11,25,31,23
15,9,9,6
10,22,3,25
20,20,18,3
17,20,16,19
19,18,31,8
4,16,4,15
17,18,6,4
23,21,11,17
23,26,13,19
8,17,4,26
15,8,4,27
25,3,16,9
19,17,31,10
27,1,11,20
26,22,26,13
8,14,5,17
19,15,3,16
29,9,14,24
27,26,18,19
18,3,23,4
30,13,30,4
27,9,13,28
2,3,18,12
3,13,22,16
30,16,24,22
21,31,21,6
13,2,9,13
22,13,13,15
1,23,22,8
18,5,3,16
13,7,4,27
25,23,30,31
31,23,15,7
13,21,13,14
1,26,9,1
25,2,16,24
14,5,25,20
6,24,7,17
13,27,10,29
30,31,31,3
18,2,14,23
5,15,6,10
2,21,10,19
10,2,20,17
11,10,2,16
3,30,6,24
21,25,22,25
20,13,30,23
21,16,9,27
15,26,1,14
2,10,25,29
2,12,7,11
6,8,5,31
3,27,2,4
27,5,10,11
16,19,19,20
16,1,13,19
18,13,8,24
17,5,18,25
30,4,14,18
13,8,31,18
1,20,28,27
19,18,31,11
14,26,13,29
18,28,30,21
22,7,5,14
27,6,4,19
4,24,27,10
6,29,12,16
16,25,28,17
6,29,19,28
9,21,23,8
9,3,23,28
17,11,8,21
26,20,18,8
9,25,30,6
21,27,5,2
15,12,5,28
29,20,8,10
24,2,14,15
16,28,24,2
6,31,18,13
26,22,22,29
16,21,24,11
10,9,6,12
22,28,17,24
