# 1.5-round weight-12 class from screen_r1c_cands.csv
16,12,8,7
8,2,16,10
8,20,16,19
8,21,16,6
8,6,16,17
8,18,16,30
8,28,16,18
8,1,16,13
8,26,16,28
8,27,16,31
8,29,16,31
8,26,16,5
8,17,16,25
8,18,16,7
8,17,16,12
8,31,16,28
8,19,16,12
8,15,16,30
8,9,16,22
8,18,16,20
8,31,16,24
8,14,16,31
8,2,16,16
8,28,16,12
8,19,16,18
8,7,16,31
8,17,16,14
8,12,16,14
8,12,16,1
8,18,16,18
8,20,16,26
8,20,16,11
8,15,16,20
8,1,16,26
8,6,16,18
8,1,16,25
8,25,16,9
8,4,16,26
8,20,16,6
8,12,16,10
8,3,16,6
8,6,16,9
8,19,16,6
8,28,16,3
8,26,16,18
8,27,16,30
8,9,16,2
8,22,16,3
8,3,16,28
8,1,16,15
8,17,16,31
8,6,16,22
8,9,16,21
8,15,16,23
8,11,16,16
8,1,16,10
8,13,16,11
8,14,16,26
16,19,8,18
16,25,8,4
16,11,8,2
16,14,8,3
16,13,8,28
16,26,8,5
16,17,8,27
16,9,8,12
16,11,8,11
16,4,8,10
16,31,8,20
16,25,8,31
16,23,8,29
16,3,8,30
16,18,8,8
16,3,8,24
16,2,8,3
16,5,8,6
16,6,8,30
16,18,8,7
16,9,8,25
16,11,8,20
16,11,8,4
16,20,8,19
16,26,8,30
16,13,8,3
16,3,8,31
16,29,8,10
16,30,8,4
16,9,8,4
16,26,8,2
16,27,8,10
16,1,8,20
16,22,8,1
16,3,8,14
16,4,8,27
16,29,8,26
16,2,8,7
16,19,8,14
16,6,8,4
16,22,8,8
16,6,8,24
16,14,8,30
16,31,8,13
16,26,8,18
16,30,8,27
16,10,8,18
16,4,8,7
16,2,8,1
16,1,8,26
16,30,8,10
16,11,8,15
16,13,8,11
16,25,24,3
16,22,24,31
16,9,24,18
16,18,24,15
16,1,24,13
16,27,24,11
16,6,24,9
16,26,24,21
16,30,24,14
16,19,24,1
16,2,24,23
16,12,24,19
16,5,24,19
16,5,24,5
16,11,24,18
16,20,24,30
16,21,24,9
16,21,24,8
16,3,24,25
16,17,24,21
16,30,24,15
16,30,24,22
16,21,24,24
16,11,24,16
16,22,24,16
16,31,24,8
16,23,24,14
16,9,24,27
16,9,24,13
16,6,24,20
16,3,24,8
16,6,24,17
16,11,24,17
16,29,24,21
16,20,24,3
16,29,24,20
16,31,24,17
16,6,24,5
16,9,24,14
16,7,24,31
16,29,24,12
16,25,24,26
16,29,24,7
16,10,24,10
16,23,24,10
16,28,24,18
16,12,24,6
16,23,24,23
16,19,24,24
16,2,24,16
16,22,24,13
16,23,24,21
16,12,24,13
16,17,24,28
16,6,24,18
24,13,16,13
24,1,16,9
24,21,16,20
24,13,16,11
24,26,16,24
24,22,16,19
24,21,16,30
24,31,16,21
24,10,16,21
24,1,16,14
24,5,16,21
24,25,16,30
24,12,16,17
24,1,16,22
24,14,16,13
24,11,16,28
24,20,16,19
24,29,16,31
24,15,16,20
24,27,16,17
24,14,16,30
24,10,16,23
24,6,16,15
24,20,16,22
24,17,16,7
24,13,16,26
24,9,16,28
24,6,16,25
24,3,16,27
24,25,16,20
24,1,16,12
24,30,16,9
24,26,16,23
24,14,16,28
24,22,16,18
24,10,16,5
24,15,16,27
24,9,16,16
24,17,16,2
24,9,16,17
24,4,16,24
24,19,16,14
24,3,16,12
24,3,16,22
24,15,16,1
24,6,16,17
24,23,16,31
24,6,16,23
24,3,16,13
24,21,16,23
24,9,16,20
24,10,16,7
24,11,16,9
24,3,16,3
27,10,15,18
19,4,30,7
3,2,1,26
1,28,16,11
10,30,7,13
18,21,17,2
29,12,18,14
18,7,23,29
20,24,25,3
25,4,14,3
7,1,16,21
5,24,9,22
27,28,7,22
15,13,11,21
9,9,21,21
8,8,2,19
6,29,27,25
21,5,26,30
1,1,13,5
29,22,18,2
3,15,21,27
10,29,1,2
18,2,17,27
9,6,4,5
14,28,2,2
21,3,30,27
4,11,2,5
18,2,15,22
5,29,13,25
27,10,24,6
11,4,14,12
5,19,3,2
10,27,26,21
24,24,17,17
14,27,8,17
18,7,11,30
11,17,26,13
31,29,19,16
28,27,19,23
17,18,1,29
23,29,29,15
1,24,17,9
3,9,26,11
3,10,2,28
13,2,24,9
11,24,5,9
1,17,4,5
11,30,24,11
26,11,19,3
15,9,16,15
13,27,29,30
3,30,19,26
15,19,5,18
1,14,24,22
19,2,12,14
29,25,22,1
28,1,13,9
16,19,28,9
26,8,23,19
24,11,12,31
26,21,12,13
10,15,20,11
18,17,6,1
5,9,22,8
19,5,30,4
27,9,14,7
1,24,18,25
13,17,29,16
3,13,20,29
17,26,19,19
14,2,12,28
10,23,23,21
24,20,2,26
4,18,22,9
23,4,7,9
3,21,19,17
21,3,28,3
26,28,7,21
27,6,17,28
1,18,4,27
10,17,29,24
11,25,18,21
19,18,10,17
30,31,17,14
20,21,19,10
15,10,5,17
14,1,19,12
29,28,16,23
26,10,8,29
7,20,16,28
29,29,8,14
15,22,12,18
30,31,7,26
16,24,3,27
15,9,26,26
12,21,24,28
16,25,11,13
15,26,4,16
12,5,14,5
1,6,27,9
12,28,5,19
26,10,31,14
24,4,9,22
26,23,28,2
26,7,22,21
17,16,29,13
9,31,17,10
24,14,23,9
14,11,25,30
16,7,23,27
16,31,13,23
14,3,3,5
7,31,5,8
24,1,4,9
25,24,22,12
30,29,31,23
9,2,18,21
15,10,25,29
14,5,5,9
20,29,31,2
18,27,20,17
5,31,14,9
11,6,20,25
6,24,29,19
5,16,25,31
4,13,21,24
6,27,1,3
14,20,31,2
12,2,31,21
30,4,24,18
22,14,27,22
23,15,18,5
2,17,11,17
23,5,21,25
26,29,7,11
4,5,29,5
21,18,27,23
4,5,13,20
29,23,7,6
17,9,14,24
29,30,18,10
28,16,21,29
26,18,30,7
26,25,20,11
2,19,6,22
4,8,19,7
17,19,22,29
10,14,11,1
25,1,27,10
27,20,8,3
30,13,12,30
24,21,23,8
4,22,11,9
1,17,29,11
30,26,26,21
30,28,9,13
20,24,17,13
1,4,11,12
5,4,9,29
25,5,22,19
2,12,3,3
24,4,10,11
8,9,17,2
12,1,3,5
18,9,31,17
9,16,5,13
23,4,24,12
3,21,18,12
24,17,22,19
1,20,10,15
3,22,19,20
24,17,16,19
10,29,8,21
10,18,5,2
20,17,4,6
8,7,29,14
9,18,1,9
30,19,5,22
29,27,7,16
27,26,28,25
11,12,29,10
6,5,28,26
13,27,15,13
4,20,5,9
21,20,31,1
24,18,31,29
4,15,1,25
14,20,22,14
9,30,12,14
13,20,15,2
26,20,8,4
18,31,12,28
6,4,25,2
29,24,12,9
22,21,29,25
14,13,12,10
4,16,25,2
21,23,23,1
26,2,27,4
19,5,17,17
25,12,18,9
26,19,30,31
21,12,26,16
27,23,8,30
25,27,11,15
26,23,8,21
20,17,5,2
11,22,4,29
17,6,18,21
21,16,29,11
25,23,4,19
1,16,29,7
9,1,15,13
26,21,23,24
23,13,1,18
26,8,14,30
22,8,3,25
19,16,30,9
13,14,4,26
1,21,3,31
6,15,25,13
22,17,26,27
10,30,5,5
17,27,4,31
18,4,21,27
16,2,17,8
28,10,15,9
24,14,6,20
5,18,23,27
18,6,23,13
13,21,27,31
6,13,23,8
4,8,11,11
22,8,26,22
15,24,16,12
16,21,25,22
24,30,7,14
15,13,18,4
23,13,26,7
16,27,9,12
30,5,9,19
9,28,6,25
24,20,3,24
12,11,30,5
6,6,13,19
1,17,7,14
8,26,2,30
17,24,7,23
17,23,20,21
18,3,8,13
25,15,4,19
21,2,13,3
31,9,8,7
3,26,19,18
20,7,18,14
23,28,8,19
5,18,15,13
23,7,3,21
30,3,5,26
23,5,12,16
18,10,3,17
27,10,7,23
15,1,10,26
26,20,19,4
9,20,2,2
21,27,4,4
28,14,21,19
17,13,4,30
29,23,7,27
31,13,22,30
22,2,1,24
13,13,14,22
5,19,20,5
22,18,18,3
30,8,28,13
24,13,12,24
27,6,8,10
5,28,30,31
10,16,2,19
17,3,28,27
26,17,27,19
29,12,16,31
19,9,24,1
23,4,26,7
16,18,20,8
22,22,30,18
17,8,28,14
31,9,25,22
14,27,15,7
31,6,20,17
7,28,17,13
17,12,7,8
12,22,29,19
25,25,3,11
27,20,6,29
14,13,9,16
4,22,27,27
5,6,18,1
15,25,2,16
7,13,27,24
18,27,30,11
30,8,4,3
22,24,2,28
30,28,16,1
14,10,19,24
11,26,5,20
19,18,28,9
26,25,12,14
13,17,26,1
19,19,4,2
19,17,1,4
29,11,11,30
12,25,18,2
21,12,19,3
28,18,15,11
17,30,26,18
11,12,7,5
29,19,5,19
4,13,11,28
11,28,9,20
12,2,23,3
25,21,8,27
26,9,25,13
28,26,7,27
11,30,10,28
17,5,2,15
27,12,26,24
2,1,11,14
24,6,29,18
2,23,19,23
18,10,19,26
20,3,3,23
6,29,30,31
9,14,3,5
10,18,24,21
9,8,7,4
9,24,16,2
24,17,10,26
22,21,28,17
14,6,29,7
8,4,19,5
19,17,4,24
9,15,7,26
2,12,31,15
11,30,31,20
30,21,1,1
16,2,6,9
29,18,2,1
8,25,29,3
17,27,6,2
31,17,7,7
15,10,8,16
17,12,11,13
31,21,3,7
20,6,7,22
20,10,31,30
19,14,20,16
12,1,16,1
30,4,22,21
19,22,20,31
28,14,27,23
19,11,11,3
21,14,7,23
17,26,16,31
27,27,20,19
22,18,31,17
24,19,29,28
25,15,20,16
6,27,9,22
27,17,10,19
18,9,9,10
1,20,25,2
26,15,15,29
12,8,17,15
7,23,16,30
13,28,14,2
26,30,1,9
25,18,24,2
10,13,1,11
11,10,19,29
26,27,28,2
7,23,3,11
4,22,27,21
3,5,25,23
10,31,14,20
11,8,1,31
21,23,23,6
10,10,13,14
28,28,3,31
7,14,31,8
21,8,8,23
13,13,7,20
5,24,10,24
24,29,12,1
23,23,22,10
5,1,12,14
18,11,28,26
17,16,11,31
20,4,19,21
10,26,18,22
7,1,22,2
14,24,23,28
1,3,2,1
2,18,11,11
26,1,20,1
18,7,16,7
9,10,19,18
9,14,1,27
10,25,3,21
16,4,17,8
28,20,24,21
24,30,9,14
12,26,8,2
4,20,17,17
17,6,5,10
17,9,29,8
6,7,13,29
2,8,18,23
15,2,11,11
14,4,1,19
6,17,21,3
6,10,29,26
29,24,5,3
2,24,10,31
12,2,19,3
15,7,26,8
7,2,24,24
4,3,31,26
14,28,8,24
2,24,9,25
7,11,12,12
15,25,28,30
22,28,20,13
14,15,12,12
11,13,31,16
17,1,12,5
5,28,18,23
24,5,6,15
21,21,5,5
6,3,27,20
7,21,12,24
31,12,17,30
22,12,11,21
4,6,31,13
2,9,29,20
23,31,26,7
28,22,13,3
14,30,8,27
27,16,29,11
30,6,20,21
4,8,3,25
26,14,29,9
18,10,30,30
11,25,27,12
9,8,12,21
11,6,9,28
16,10,3,14
5,18,12,29
15,30,4,28
5,22,11,3
22,6,16,18
2,2,24,31
17,17,29,29
18,20,29,28
16,6,17,28
12,7,14,26
3,9,7,8
25,5,5,25
2,8,27,28
10,11,19,13
8,12,25,2
8,31,10,23
19,1,7,4
5,8,12,17
29,9,5,6
8,3,10,19
7,1,6,16
22,23,28,7
3,15,21,21
7,20,11,6
19,23,27,27
22,23,30,1
14,28,3,9
3,22,21,28
27,27,9,28
10,31,16,14
7,11,29,16
18,2,29,2
28,12,16,18
12,5,16,3
17,11,22,24
30,19,22,10
19,3,16,11
2,17,17,16
19,16,23,11
30,17,26,6
19,23,16,13
14,14,30,20
7,9,12,25
19,10,20,9
22,6,11,5
12,4,13,12
17,24,19,23
28,7,13,15
18,27,24,15
6,19,19,12
2,27,24,12
27,12,15,8
23,21,22,18
10,28,3,15
25,28,12,7
6,5,15,30
20,17,10,8
6,17,20,17
31,10,19,27
26,7,10,22
5,22,1,27
27,2,31,12
19,11,26,6
19,8,29,29
20,2,15,21
6,17,7,13
15,4,11,9
5,6,11,5
11,4,14,13
23,21,17,24
6,20,29,15
15,27,18,15
12,27,7,2
3,24,4,4
13,6,16,15
19,7,31,19
30,12,25,25
6,27,20,9
6,29,25,1
18,2,26,22
3,30,18,8
15,28,11,15
13,2,24,15
9,30,14,15
29,29,20,24
28,16,17,5
15,10,24,23
6,4,16,6
11,27,16,31
22,18,30,21
11,5,12,5
20,7,8,26
26,7,29,15
21,29,5,4
23,4,14,2
11,31,9,13
1,13,16,23
29,22,28,14
7,26,29,28
10,30,8,11
21,29,31,31
11,24,19,11
18,19,26,15
11,16,23,13
27,18,30,7
28,20,30,8
2,25,11,29
20,25,2,11
20,27,29,8
8,3,27,20
11,13,7,23
1,26,12,3
26,14,31,5
4,18,26,24
27,6,25,11
18,28,21,31
31,7,7,6
31,5,4,15
19,17,5,14
5,28,11,20
26,24,23,22
12,25,6,8
3,5,18,16
19,5,7,12
24,12,3,13
16,1,17,15
29,7,24,8
7,23,30,26
1,24,23,10
2,9,27,17
7,3,26,4
12,29,14,25
11,19,24,2
30,17,12,19
2,12,4,27
28,8,21,21
4,14,31,5
27,26,25,28
4,15,23,30
19,17,23,21
16,22,9,5
14,12,21,12
30,25,13,14
14,12,31,18
30,7,7,3
5,8,8,1
8,22,13,15
26,20,15,19
4,2,6,27
27,27,17,1
2,14,28,26
9,14,5,28
8,3,10,16
20,2,19,14
18,10,13,21
2,22,20,1
9,30,20,16
31,14,8,30
17,13,16,27
24,11,15,4
3,7,19,20
28,23,12,4
30,7,4,23
21,19,3,1
26,1,12,5
5,10,1,16
21,1,16,3
25,26,19,14
3,16,18,20
17,4,5,18
28,22,23,31
13,21,20,18
23,15,15,10
19,19,6,11
17,22,13,25
31,22,23,14
22,18,20,13
16,25,21,8
10,1,3,5
16,27,29,4
27,12,9,28
27,10,26,18
29,10,5,4
2,15,16,24
19,30,11,18
12,5,23,1
20,26,3,26
15,10,1,21
23,1,19,13
4,4,22,11
20,20,21,23
23,19,30,29
15,3,20,16
17,11,19,28
22,2,7,6
2,20,4,26
2,4,18,17
6,18,5,8
30,21,27,25
14,31,28,14
30,5,6,26
8,8,26,31
2,12,3,28
28,7,3,17
19,14,9,20
5,10,19,26
8,3,28,20
14,20,31,10
27,16,14,14
15,11,27,7
29,23,17,13
4,16,22,24
29,30,26,20
1,16,10,9
25,26,23,10
29,7,26,5
23,21,13,22
2,26,25,13
15,18,28,1
5,8,28,16
21,4,29,10
23,20,14,7
8,16,19,4
6,16,12,23
21,31,20,21
29,20,14,13
1,21,13,31
28,5,14,5
2,10,13,20
14,21,4,7
20,9,16,20
14,9,17,27
25,4,11,26
31,5,18,23
18,26,9,31
4,25,12,15
12,29,17,8
18,11,23,10
19,1,22,16
9,28,22,26
9,25,4,10
23,13,1,16
19,24,5,25
25,18,13,16
26,27,25,8
17,1,13,26
2,14,20,3
15,3,10,20
2,12,25,2
3,3,27,2
19,10,12,10
3,18,16,20
12,28,11,28
6,3,9,13
18,31,30,26
28,27,20,3
11,13,30,23
7,6,2,15
7,13,26,4
23,29,10,25
11,3,3,3
27,8,4,17
15,23,27,18
6,15,14,18
4,7,1,8
10,7,17,20
30,12,9,10
2,1,28,1
21,25,28,15
2,7,3,11
8,22,28,4
29,5,20,20
15,24,1,18
8,27,16,6
27,18,31,30
1,8,5,3
1,28,5,11
30,19,3,17
23,19,14,16
7,19,15,26
22,30,4,28
22,13,28,8
3,5,11,17
18,9,7,13
1,18,9,12
9,18,13,28
13,17,17,18
15,9,3,6
25,16,19,13
5,29,20,7
28,11,5,8
11,13,2,29
14,24,27,19
16,27,17,29
2,5,18,14
19,2,7,7
10,23,13,31
10,30,17,1
30,19,9,7
18,17,24,18
29,6,8,3
7,16,6,2
22,27,13,29
10,1,5,26
12,14,27,28
19,8,28,31
15,9,31,13
8,13,29,20
28,20,21,26
12,3,1,14
25,15,29,4
21,21,25,31
31,8,15,12
22,2,9,27
19,17,25,20
28,11,5,19
12,13,21,27
25,31,15,28
1,9,2,9
10,6,18,16
6,14,22,10
23,15,24,8
16,24,13,1
31,17,9,4
10,9,1,19
22,6,8,10
24,3,6,15
20,23,22,11
1,15,28,11
8,28,31,8
23,2,1,15
17,7,13,5
6,8,3,13
2,6,11,1
27,24,24,14
6,29,14,6
27,18,17,25
6,9,14,24
16,10,31,12
30,23,15,28
15,18,27,20
17,6,2,27
14,8,27,30
15,7,27,2
20,27,23,13
14,13,17,14
9,15,11,19
8,12,18,18
26,29,23,23
17,8,9,1
28,22,3,9
23,29,13,6
9,25,26,19
9,16,1,6
29,11,28,13
14,23,29,24
24,14,19,9
6,5,28,2
11,31,12,31
27,16,4,8
5,4,13,2
6,3,4,15
18,24,21,15
26,1,2,9
2,17,16,29
24,21,7,12
20,15,4,11
13,3,21,19
26,11,19,29
6,5,25,24
30,27,21,4
18,7,16,31
17,30,21,23
11,3,19,20
28,18,24,16
31,6,3,1
3,1,6,9
23,18,17,9
23,28,30,22
25,18,11,30
29,24,26,13
23,31,25,24
2,19,27,22
15,28,22,23
21,4,14,13
6,28,24,5
21,13,14,16
12,23,25,2
18,3,1,12
8,5,7,30
9,14,20,28
11,30,16,29
4,23,13,15
11,5,22,20
1,21,23,13
21,2,10,12
25,22,28,30
29,1,23,20
15,11,19,1
24,2,26,21
24,10,6,27
21,30,9,13
30,26,27,4
15,31,5,15
30,25,18,20
14,25,12,6
13,24,2,5
30,31,26,10
17,23,20,14
27,21,6,26
19,16,24,10
19,26,20,9
24,22,2,25
29,13,18,31
19,14,30,5
19,30,30,18
29,31,22,5
20,19,31,20
8,3,4,27
30,4,24,2
19,22,4,2
9,14,5,27
12,4,2,27
26,30,13,26
20,20,27,8
6,18,19,16
29,28,31,6
27,17,26,26
19,22,6,11
17,28,3,30
21,26,25,2
10,4,15,3
1,28,22,2
24,9,18,10
19,30,20,31
25,26,9,15
13,4,26,31
21,8,10,21
22,25,5,17
27,16,12,21
5,14,22,11
14,29,20,15
4,9,2,17
10,23,17,11
7,7,8,27
9,28,1,16
17,29,24,31
1,12,28,23
15,4,14,26
22,5,9,4
12,9,25,27
7,11,30,20
5,18,8,31
20,1,8,23
22,26,14,11
19,26,23,9
31,13,25,20
9,25,12,20
11,12,24,9
19,25,5,1
8,9,30,16
29,25,20,18
31,27,26,6
30,8,3,14
25,17,5,14
25,16,3,17
26,27,9,4
8,4,14,13
5,4,22,15
27,17,22,31
9,12,27,23
3,30,26,30
28,14,8,20
16,29,12,25
10,23,1,4
20,17,31,2
6,20,25,8
25,29,18,15
28,10,14,13
20,1,3,13
5,24,19,7
27,30,16,22
30,13,16,4
14,30,26,21
30,6,29,23
22,16,7,21
10,31,18,25
4,31,20,21
23,11,5,30
12,17,14,31
15,1,6,29
26,29,24,9
2,28,10,10
21,17,10,16
5,14,11,17
11,7,9,2
10,17,30,28
19,10,16,10
9,6,10,9
26,29,11,5
9,13,29,22
15,31,22,27
29,16,24,6
29,29,13,2
3,19,7,30
11,2,17,24
10,2,14,26
26,22,20,27
7,28,26,14
2,16,13,28
31,18,22,30
22,4,13,10
11,14,19,19
16,20,7,19
17,22,3,11
26,21,13,28
21,6,25,31
8,17,31,27
31,16,28,3
26,21,14,22
1,10,2,9
25,3,6,20
9,25,15,23
14,10,4,10
26,2,16,6
27,9,18,7
5,2,22,13
18,1,19,17
10,1,24,13
11,4,9,6
20,23,7,3
30,13,22,1
22,1,17,14
13,8,22,10
17,21,8,25
28,7,18,22
1,4,7,9
25,20,26,31
25,27,6,2
24,30,25,13
21,14,7,6
8,3,20,15
18,18,11,28
22,22,9,7
17,20,9,27
6,21,21,2
20,8,13,9
9,7,21,9
13,2,25,2
28,5,24,16
31,14,10,31
28,12,13,25
20,16,26,14
27,28,30,14
14,25,12,30
20,24,16,25
13,10,29,4
3,31,24,6
10,30,9,26
28,9,16,20
5,13,2,3
9,3,25,16
7,15,28,10
2,9,11,27
1,27,23,22
6,13,21,31
16,19,31,6
2,17,7,22
8,25,5,4
1,12,10,27
27,7,2,30
5,3,23,6
19,14,9,25
20,14,7,26
6,20,3,26
16,8,7,3
19,14,23,13
2,14,20,7
16,13,6,22
5,8,20,4
23,12,11,17
15,26,25,28
22,5,8,29
7,20,20,23
31,5,18,9
31,3,25,25
28,19,30,12
6,22,19,16
15,6,22,24
15,19,12,12
5,15,7,18
16,18,10,20
10,4,27,22
19,23,18,8
30,5,18,19
4,26,29,14
24,14,12,8
15,22,18,31
13,11,22,19
27,10,16,23
2,13,7,21
23,2,10,24
10,20,7,14
1,25,15,11
14,8,21,4
6,17,2,24
13,31,6,30
27,1,17,16
30,16,12,18
28,14,1,30
21,20,22,14
13,31,8,17
1,18,21,2
31,27,21,29
2,20,11,3
2,26,31,23
30,5,11,30
22,30,24,12
15,24,7,29
15,27,23,6
15,5,5,9
17,13,23,3
17,4,3,23
31,13,27,16
12,7,2,17
14,8,31,16
31,7,6,8
7,17,22,11
21,23,10,30
16,27,27,26
17,8,25,29
30,7,10,4
25,19,1,25
13,15,27,26
1,10,7,19
12,12,27,31
21,1,4,15
26,27,25,13
10,23,6,10
24,31,31,21
11,7,31,2
6,20,15,11
26,19,17,29
29,9,31,3
23,21,8,29
9,9,12,1
1,3,26,15
31,23,14,23
13,14,25,12
30,28,1,5
25,14,12,9
26,29,28,16
2,13,4,10
23,14,25,8
8,17,19,14
19,9,1,1
23,25,30,31
12,3,31,20
30,28,8,18
21,28,18,5
23,24,31,11
7,5,5,20
